
012345678
123456780
234567801
345678012
456780123
567801234
678012345
780123456
801234567

012345678
123456780
234567801
345678012
456780123
567801234
678012345
780123456
801234567

012345678
123456780
234567801
345678012
456780123
567801234
678012345
780123456
801234567

012345678
123456780
234567801
345678012
456780123
567801234
678012345
780123456
801234567

012345678
123456780
234567801
345678012
456780123
567801234
678012345
780123456
801234567

012345678
123456780
234567801
345678012
456780123
567801234
678012345
780123456
801234567

012345678
123456780
234567801
345678012
456780123
567801234
678012345
780123456
801234567

012345678
123456780
234567801
345678012
456780123
567801234
678012345
780123456
801234567

012345678
123456780
234567801
345678012
456780123
567801234
678012345
780123456
801234567

012345678
123456780
234567801
345678012
456780123
567801234
678012345
780123456
801234567
